0 2518 1169 3077 2829 0.906301
0 491 1285 1191 2982 0.893682
0 1519 1055 1875 2329 0.854817
0 3003 1026 3514 2628 0.830189
0 2225 1065 2644 2621 0.823595
0 3631 1001 4197 2545 0.80073
0 1 972 314 2428 0.790375
0 4086 1060 4506 2386 0.785852
2 2853 870 3202 1105 0.781241
0 166 1095 657 2848 0.768616
0 2599 901 2930 1425 0.750492
0 1189 966 1513 2155 0.724478
2 1287 826 1592 1032 0.721608
0 645 894 1010 1409 0.642439
26 924 1607 1198 2263 0.619797
0 1836 932 2262 2550 0.604385
2 3443 903 3795 1163 0.600773
0 975 888 1205 1200 0.590198
0 3584 944 3865 1373 0.561235
0 956 1205 1384 2821 0.535384
2 2493 936 2751 1107 0.496895
27 2517 1344 2573 1501 0.491129
0 0 850 131 1247 0.389141
0 254 955 494 1203 0.311085
0 2978 968 3176 1478 0.301378
0 550 952 783 1260 0.297302
0 4367 1065 4512 2434 0.294011
0 2083 1006 2329 2462 0.285675
0 1372 912 1619 1629 0.273042
2 2255 850 2592 1046 0.268617
0 1859 865 1978 1275 0.256989
