0 955 441 1187 720 0.902053
0 726 422 998 721 0.891202
0 501 341 655 604 0.831912
0 754 339 876 586 0.826947
0 395 346 493 630 0.792947
0 690 343 737 493 0.76193
0 939 328 1008 477 0.710263
0 129 406 252 547 0.676659
0 1 430 87 639 0.614484
0 18 425 140 596 0.508325
0 1098 348 1145 484 0.491019
0 349 358 377 437 0.398189
0 84 414 195 565 0.39133
0 621 347 650 435 0.38019
0 1228 363 1271 469 0.375632
0 323 359 352 456 0.369217
0 6 339 80 451 0.325175
0 910 349 935 429 0.313416
0 478 351 520 443 0.30397
0 611 346 665 486 0.285643
0 0 343 42 441 0.274601
26 443 472 483 528 0.266973
