32 640 121 709 193 0.916841
0 466 229 571 533 0.905308
0 658 299 875 565 0.817472
0 42 274 216 623 0.808065
0 889 181 1027 676 0.791832
0 341 331 369 416 0.774117
0 806 332 846 425 0.72417
0 859 314 907 429 0.699722
0 258 339 308 444 0.645509
0 572 318 617 456 0.62363
0 210 322 260 459 0.592276
32 260 291 305 331 0.58617
0 136 295 206 530 0.584382
0 642 301 706 477 0.578248
0 953 335 975 424 0.56081
0 576 315 659 461 0.536699
0 908 326 933 409 0.487528
0 852 325 874 406 0.44876
0 182 310 237 497 0.431675
0 244 335 284 448 0.403291
0 891 318 919 414 0.35968
0 956 334 998 435 0.333965
0 10 356 63 456 0.333921
