0 1009 808 1331 1742 0.864982
0 115 584 409 1447 0.862197
0 2024 523 2354 1549 0.852667
0 367 569 659 1453 0.832476
0 2305 580 2653 1556 0.824133
0 1655 816 2005 1774 0.791079
0 1307 741 1621 1706 0.780039
0 611 515 885 1446 0.763613
0 2484 472 2808 1542 0.697532
0 823 489 1141 1483 0.616216
0 2900 670 3000 1042 0.535965
0 1548 464 1827 1464 0.517022
27 1176 964 1210 1132 0.42163
0 1284 536 1542 956 0.384198
0 2788 659 2892 1061 0.343436
38 1378 1070 1545 1207 0.301686
0 1786 477 2057 1121 0.279842
0 1130 505 1361 899 0.255321
27 1457 911 1504 1069 0.250027
