7.32109 -6.05937 -2.06163 4.12873 1.84378 1.3342 -1.13726 0.936865 0
-3.59297 14.2273 -1.37926 3.8484 1.86096 1.35521 -0.970831 0.922203 0
1.90625 -6.5125 -2.0383 4.84586 2.08825 2.00238 1.97869 0.849971 0
20.2348 6.73516 -1.86209 3.65071 1.79142 0.997622 -2.62156 0.585397 0
17.7897 -1.04531 -1.79234 5.7154 2.24914 2.4714 1.16431 0.390418 0
26.3063 9.82988 -1.86362 1.81519 0.849518 1.2077 -2.78965 0.300027 0
64.4277 45.1436 1.45711 4.53452 1.84558 1.43734 2.24031 0.225587 0
19.4695 9.43438 -1.16554 3.07421 2.28791 1.88014 -2.40159 0.126569 0
24.2539 10.8656 -1.5691 5.50182 1.52519 1.63429 -2.61525 0.119511 0
69.8795 57.3 1.43442 4.12067 1.67796 1.14679 0.575788 0.103205 0
-0.902343 19.6227 -0.83023 0.180873 0.186068 0.852843 2.57502 0.423696 1
-0.481835 -17.1684 -1.87508 0.450735 0.588444 0.636881 -1.84946 0.234582 1
17.8861 -2.97891 -1.84599 0.236133 0.187345 0.754471 1.05645 0.155078 1
9.83945 23.4619 0.668972 0.276068 0.237057 0.736274 1.20369 0.142232 1
-1.36367 -20.4025 -1.97474 0.658222 0.575374 0.906518 -1.15199 0.117775 1
-0.0804676 0.407423 -0.8266 3.1656 1.27528 0.759646 1.63136 0.67405 2
-8.21055 15.5695 -1.2375 0.185343 0.271257 0.61368 -1.10536 0.44559 3
-4.64297 -14.809 -1.57402 2.33759 1.48514 1.1246 2.10619 0.355216 2
-1.33008 -20.4398 -2.07751 0.720273 0.478635 0.901112 -1.12857 0.206574 2
4.50508 19.8473 -0.720688 1.2759 0.704447 0.850556 0.219837 0.172869 2
17.9572 -2.98281 -1.93918 0.168592 0.178243 0.456494 1.0529 0.169819 3
-0.404296 -17.2934 -2.0845 0.705824 0.546352 0.809627 -1.54798 0.169681 2
3.71953 -4.07187 -1.99204 0.237289 0.2453 0.304388 3.13631 0.163045 3
6.00977 19.4943 -0.861171 1.51074 0.676304 0.95281 -0.162259 0.160135 2
-0.882811 19.6 -0.81827 0.132977 0.149073 0.671696 3.01963 0.127653 3
-3.58711 -12.9531 -1.70923 2.08927 0.920793 1.16456 -1.04777 0.125815 2
